Compiled rdcloud.osl -> rdcloud.oso
uv[0] = 1 1 0
uv[1] = 1 0 0
uv[2] = 0 0 0
uv[3] = 0.333333 0 0
uv[4] = 0 1 0
uv[5] = 0.666667 0 0
uv[6] = 1 0.666667 0
uv[7] = 0 0.333333 0
uv[8] = 0 0.666667 0
uv[9] = 1 0.333333 0
uv[10] = 0.666667 1 0
uv[11] = 0.333333 0.666667 0
uv[12] = 0.333333 1 0
uv[13] = 0.666667 0.666667 0
uv[14] = 0.333333 0.333333 0
uv[15] = 0.666667 0.333333 0

