Compiled test.osl -> test.oso
testFloat: 42.000000 Dx: 0.000000 Dy: 0.000000
testColor: 1.000000 2.000000 3.000000 Dx: 0.000000 0.000000 0.000000 Dy: 0.000000 0.000000 0.000000

